             o  ,    o  ,                                       HAMBURG                                Astronomical Applications Dept.
Location: E010 00, N53 34                          Rise and Set for the Sun for 2017                   U. S. Naval Observatory        
                                                                                                       Washington, DC  20392-5420     
                                                      Zone:  1h East of Greenwich                                                     
                                                                                                                                      
                                                                                                                                      
       Jan.       Feb.       Mar.       Apr.       May        June       July       Aug.       Sept.      Oct.       Nov.       Dec.  
Day Rise  Set  Rise  Set  Rise  Set  Rise  Set  Rise  Set  Rise  Set  Rise  Set  Rise  Set  Rise  Set  Rise  Set  Rise  Set  Rise  Set
     h m  h m   h m  h m   h m  h m   h m  h m   h m  h m   h m  h m   h m  h m   h m  h m   h m  h m   h m  h m   h m  h m   h m  h m
01  0836 1611  0805 1703  0708 1758  0553 1856  0445 1950  0357 2039  0355 2052  0435 2016  0529 1910  0622 1756  0719 1647  0813 1604
02  0836 1612  0803 1705  0705 1800  0551 1857  0443 1952  0356 2040  0356 2052  0437 2014  0531 1907  0624 1754  0721 1645  0815 1604
03  0836 1613  0802 1707  0703 1802  0548 1859  0441 1954  0356 2041  0357 2051  0439 2012  0533 1905  0625 1752  0723 1643  0816 1603
04  0836 1615  0800 1709  0701 1804  0546 1901  0439 1956  0355 2043  0358 2051  0440 2011  0534 1902  0627 1749  0725 1641  0818 1602
05  0835 1616  0758 1711  0658 1805  0544 1903  0437 1957  0354 2044  0359 2050  0442 2009  0536 1900  0629 1747  0727 1639  0819 1602
06  0835 1617  0756 1713  0656 1807  0541 1905  0435 1959  0354 2045  0359 2050  0444 2007  0538 1858  0631 1744  0729 1638  0820 1601
07  0834 1619  0754 1715  0654 1809  0539 1907  0433 2001  0353 2045  0400 2049  0446 2005  0540 1855  0633 1742  0731 1636  0822 1601
08  0834 1620  0753 1717  0651 1811  0536 1908  0431 2003  0352 2046  0401 2048  0447 2003  0541 1853  0634 1740  0733 1634  0823 1601
09  0833 1622  0751 1719  0649 1813  0534 1910  0430 2004  0352 2047  0403 2047  0449 2001  0543 1850  0636 1737  0735 1632  0824 1600
10  0832 1623  0749 1721  0647 1815  0532 1912  0428 2006  0351 2048  0404 2046  0451 1959  0545 1848  0638 1735  0737 1631  0825 1600
11  0832 1625  0747 1723  0644 1817  0529 1914  0426 2008  0351 2049  0405 2046  0452 1957  0547 1845  0640 1733  0739 1629  0826 1600
12  0831 1626  0745 1725  0642 1819  0527 1916  0424 2010  0351 2049  0406 2045  0454 1955  0548 1843  0642 1730  0741 1627  0827 1600
13  0830 1628  0743 1727  0639 1821  0525 1918  0422 2011  0350 2050  0407 2044  0456 1953  0550 1841  0644 1728  0742 1626  0828 1600
14  0829 1629  0741 1728  0637 1822  0522 1919  0421 2013  0350 2051  0408 2043  0458 1950  0552 1838  0645 1726  0744 1624  0829 1600
15  0828 1631  0739 1730  0634 1824  0520 1921  0419 2015  0350 2051  0410 2041  0459 1948  0554 1836  0647 1723  0746 1623  0830 1600
16  0827 1633  0736 1732  0632 1826  0518 1923  0418 2016  0350 2052  0411 2040  0501 1946  0555 1833  0649 1721  0748 1621  0831 1600
17  0826 1635  0734 1734  0630 1828  0515 1925  0416 2018  0350 2052  0412 2039  0503 1944  0557 1831  0651 1719  0750 1620  0832 1600
18  0825 1636  0732 1736  0627 1830  0513 1927  0414 2019  0350 2053  0414 2038  0505 1942  0559 1828  0653 1716  0752 1618  0833 1601
19  0824 1638  0730 1738  0625 1832  0511 1929  0413 2021  0350 2053  0415 2036  0506 1940  0601 1826  0655 1714  0753 1617  0833 1601
20  0823 1640  0728 1740  0622 1834  0509 1930  0411 2023  0350 2053  0417 2035  0508 1937  0602 1823  0657 1712  0755 1616  0834 1601
21  0822 1642  0726 1742  0620 1835  0506 1932  0410 2024  0350 2053  0418 2034  0510 1935  0604 1821  0659 1710  0757 1614  0834 1602
22  0820 1644  0724 1744  0617 1837  0504 1934  0409 2026  0351 2054  0420 2032  0512 1933  0606 1818  0700 1708  0759 1613  0835 1602
23  0819 1645  0721 1746  0615 1839  0502 1936  0407 2027  0351 2054  0421 2031  0513 1931  0608 1816  0702 1705  0801 1612  0835 1603
24  0818 1647  0719 1748  0613 1841  0500 1938  0406 2029  0351 2054  0423 2029  0515 1928  0609 1813  0704 1703  0802 1611  0836 1604
25  0816 1649  0717 1750  0610 1843  0458 1940  0405 2030  0352 2054  0424 2028  0517 1926  0611 1811  0706 1701  0804 1610  0836 1604
26  0815 1651  0715 1752  0608 1845  0455 1941  0404 2031  0352 2054  0426 2026  0519 1924  0613 1809  0708 1659  0806 1609  0836 1605
27  0813 1653  0712 1754  0605 1846  0453 1943  0402 2033  0353 2053  0427 2025  0520 1921  0615 1806  0710 1657  0807 1608  0837 1606
28  0812 1655  0710 1756  0603 1848  0451 1945  0401 2034  0353 2053  0429 2023  0522 1919  0616 1804  0712 1655  0809 1607  0837 1607
29  0810 1657             0600 1850  0449 1947  0400 2035  0354 2053  0431 2021  0524 1917  0618 1801  0714 1653  0810 1606  0837 1608
30  0808 1659             0558 1852  0447 1949  0359 2037  0354 2053  0432 2020  0526 1914  0620 1759  0716 1651  0812 1605  0837 1609
31  0807 1701             0556 1854             0358 2038             0434 2018  0527 1912             0718 1649             0837 1610