             o  ,    o  ,                                      NUREMBERG                               Astronomical Applications Dept.
Location: E011 05, N49 27                          Rise and Set for the Sun for 2017                   U. S. Naval Observatory        
                                                                                                       Washington, DC  20392-5420     
                                                      Zone:  1h East of Greenwich                                                     
                                                                                                                                      
                                                                                                                                      
       Jan.       Feb.       Mar.       Apr.       May        June       July       Aug.       Sept.      Oct.       Nov.       Dec.  
Day Rise  Set  Rise  Set  Rise  Set  Rise  Set  Rise  Set  Rise  Set  Rise  Set  Rise  Set  Rise  Set  Rise  Set  Rise  Set  Rise  Set
     h m  h m   h m  h m   h m  h m   h m  h m   h m  h m   h m  h m   h m  h m   h m  h m   h m  h m   h m  h m   h m  h m   h m  h m
01  0812 1627  0747 1712  0658 1759  0553 1847  0454 1933  0414 2014  0413 2025  0447 1956  0532 1859  0616 1754  0704 1654  0750 1619
02  0812 1628  0746 1713  0656 1800  0551 1849  0452 1934  0413 2015  0414 2025  0448 1955  0533 1857  0617 1752  0706 1652  0752 1619
03  0811 1629  0745 1715  0654 1802  0549 1850  0450 1936  0413 2015  0415 2025  0450 1953  0535 1854  0619 1750  0707 1651  0753 1618
04  0811 1630  0743 1717  0652 1803  0546 1852  0449 1937  0412 2016  0416 2024  0451 1951  0536 1852  0620 1748  0709 1649  0754 1618
05  0811 1632  0742 1718  0650 1805  0544 1853  0447 1939  0412 2017  0416 2024  0453 1950  0537 1850  0622 1746  0711 1647  0755 1617
06  0811 1633  0740 1720  0648 1807  0542 1855  0445 1940  0411 2018  0417 2023  0454 1948  0539 1848  0623 1744  0712 1646  0756 1617
07  0810 1634  0738 1722  0646 1808  0540 1856  0444 1942  0411 2019  0418 2023  0455 1946  0540 1846  0625 1742  0714 1644  0757 1617
08  0810 1635  0737 1724  0644 1810  0538 1858  0442 1943  0410 2020  0419 2022  0457 1945  0542 1844  0626 1739  0715 1643  0759 1617
09  0810 1636  0735 1725  0642 1811  0536 1859  0440 1945  0410 2020  0420 2022  0458 1943  0543 1842  0628 1737  0717 1641  0800 1616
10  0809 1638  0734 1727  0640 1813  0534 1901  0439 1946  0410 2021  0421 2021  0500 1941  0545 1840  0629 1735  0719 1640  0801 1616
11  0809 1639  0732 1729  0638 1815  0532 1902  0437 1948  0409 2022  0422 2020  0501 1940  0546 1837  0631 1733  0720 1639  0802 1616
12  0808 1640  0730 1730  0635 1816  0530 1904  0436 1949  0409 2022  0423 2019  0503 1938  0548 1835  0632 1731  0722 1637  0803 1616
13  0807 1642  0728 1732  0633 1818  0528 1906  0435 1950  0409 2023  0424 2019  0504 1936  0549 1833  0634 1729  0724 1636  0803 1616
14  0807 1643  0727 1734  0631 1819  0526 1907  0433 1952  0409 2023  0425 2018  0505 1934  0551 1831  0635 1727  0725 1635  0804 1616
15  0806 1645  0725 1735  0629 1821  0524 1909  0432 1953  0409 2024  0426 2017  0507 1932  0552 1829  0637 1725  0727 1633  0805 1617
16  0805 1646  0723 1737  0627 1822  0522 1910  0430 1954  0409 2024  0427 2016  0508 1930  0553 1827  0638 1723  0728 1632  0806 1617
17  0804 1648  0721 1739  0625 1824  0520 1912  0429 1956  0409 2025  0428 2015  0510 1929  0555 1824  0640 1721  0730 1631  0807 1617
18  0804 1649  0719 1740  0623 1826  0518 1913  0428 1957  0409 2025  0429 2014  0511 1927  0556 1822  0642 1719  0731 1630  0807 1617
19  0803 1651  0718 1742  0621 1827  0516 1915  0427 1958  0409 2025  0430 2013  0513 1925  0558 1820  0643 1717  0733 1629  0808 1618
20  0802 1652  0716 1744  0618 1829  0514 1916  0425 2000  0409 2026  0432 2012  0514 1923  0559 1818  0645 1715  0735 1628  0809 1618
21  0801 1654  0714 1745  0616 1830  0512 1918  0424 2001  0409 2026  0433 2011  0516 1921  0601 1816  0646 1713  0736 1627  0809 1619
22  0800 1655  0712 1747  0614 1832  0510 1919  0423 2002  0409 2026  0434 2010  0517 1919  0602 1814  0648 1712  0738 1626  0810 1619
23  0759 1657  0710 1749  0612 1833  0508 1921  0422 2004  0410 2026  0435 2008  0519 1917  0604 1811  0650 1710  0739 1625  0810 1620
24  0758 1659  0708 1750  0610 1835  0506 1922  0421 2005  0410 2026  0436 2007  0520 1915  0605 1809  0651 1708  0741 1624  0810 1620
25  0756 1700  0706 1752  0608 1836  0504 1924  0420 2006  0410 2026  0438 2006  0521 1913  0607 1807  0653 1706  0742 1623  0811 1621
26  0755 1702  0704 1754  0606 1838  0503 1925  0419 2007  0411 2026  0439 2005  0523 1911  0608 1805  0654 1704  0743 1622  0811 1622
27  0754 1703  0702 1755  0603 1840  0501 1927  0418 2008  0411 2026  0440 2003  0524 1909  0610 1803  0656 1702  0745 1622  0811 1622
28  0753 1705  0700 1757  0601 1841  0459 1928  0417 2009  0412 2026  0442 2002  0526 1907  0611 1801  0658 1701  0746 1621  0811 1623
29  0751 1707             0559 1843  0457 1930  0416 2010  0412 2026  0443 2000  0527 1905  0613 1758  0659 1659  0748 1620  0812 1624
30  0750 1708             0557 1844  0455 1931  0416 2012  0413 2026  0444 1959  0529 1903  0614 1756  0701 1657  0749 1620  0812 1625
31  0749 1710             0555 1846             0415 2013             0446 1958  0530 1901             0702 1655             0812 1626