             o  ,    o  ,                                      STUTTGART                               Astronomical Applications Dept.
Location: E009 11, N48 47                          Rise and Set for the Sun for 2017                   U. S. Naval Observatory        
                                                                                                       Washington, DC  20392-5420     
                                                      Zone:  1h East of Greenwich                                                     
                                                                                                                                      
                                                                                                                                      
       Jan.       Feb.       Mar.       Apr.       May        June       July       Aug.       Sept.      Oct.       Nov.       Dec.  
Day Rise  Set  Rise  Set  Rise  Set  Rise  Set  Rise  Set  Rise  Set  Rise  Set  Rise  Set  Rise  Set  Rise  Set  Rise  Set  Rise  Set
     h m  h m   h m  h m   h m  h m   h m  h m   h m  h m   h m  h m   h m  h m   h m  h m   h m  h m   h m  h m   h m  h m   h m  h m
01  0816 1638  0753 1721  0705 1807  0601 1854  0503 1939  0425 2018  0424 2030  0457 2001  0540 1905  0623 1802  0710 1703  0755 1629
02  0816 1639  0752 1723  0703 1808  0559 1856  0501 1940  0424 2019  0425 2029  0458 2000  0542 1903  0624 1800  0712 1701  0756 1629
03  0816 1640  0750 1725  0701 1810  0557 1857  0500 1942  0423 2020  0426 2029  0500 1958  0543 1901  0626 1758  0713 1700  0758 1628
04  0816 1641  0749 1726  0659 1812  0555 1859  0458 1943  0423 2021  0426 2029  0501 1957  0544 1859  0627 1756  0715 1658  0759 1628
05  0816 1642  0747 1728  0657 1813  0553 1900  0456 1944  0422 2022  0427 2028  0502 1955  0546 1857  0629 1754  0716 1657  0800 1628
06  0816 1643  0746 1730  0655 1815  0551 1902  0455 1946  0422 2023  0428 2028  0504 1954  0547 1855  0630 1752  0718 1655  0801 1627
07  0815 1644  0744 1731  0653 1816  0549 1903  0453 1947  0421 2023  0429 2027  0505 1952  0549 1853  0632 1750  0720 1654  0802 1627
08  0815 1646  0743 1733  0651 1818  0547 1905  0452 1949  0421 2024  0430 2027  0506 1950  0550 1851  0633 1748  0721 1652  0803 1627
09  0814 1647  0741 1734  0649 1819  0545 1906  0450 1950  0421 2025  0430 2026  0508 1949  0552 1849  0635 1746  0723 1651  0804 1627
10  0814 1648  0740 1736  0647 1821  0543 1908  0449 1951  0420 2025  0431 2026  0509 1947  0553 1847  0636 1744  0724 1650  0805 1627
11  0814 1649  0738 1738  0645 1823  0540 1909  0447 1953  0420 2026  0432 2025  0511 1945  0554 1844  0638 1742  0726 1648  0806 1627
12  0813 1651  0736 1739  0643 1824  0538 1911  0446 1954  0420 2027  0433 2024  0512 1944  0556 1842  0639 1740  0727 1647  0807 1627
13  0812 1652  0735 1741  0641 1826  0536 1912  0445 1956  0420 2027  0434 2023  0513 1942  0557 1840  0641 1738  0729 1646  0808 1627
14  0812 1653  0733 1743  0639 1827  0534 1913  0443 1957  0420 2028  0435 2022  0515 1940  0559 1838  0642 1736  0731 1644  0809 1627
15  0811 1655  0731 1744  0637 1829  0533 1915  0442 1958  0420 2028  0436 2022  0516 1938  0600 1836  0644 1734  0732 1643  0810 1627
16  0810 1656  0729 1746  0634 1830  0531 1916  0441 2000  0420 2029  0437 2021  0518 1936  0601 1834  0645 1732  0734 1642  0811 1627
17  0810 1658  0728 1748  0632 1832  0529 1918  0439 2001  0420 2029  0438 2020  0519 1935  0603 1832  0647 1730  0735 1641  0811 1628
18  0809 1659  0726 1749  0630 1833  0527 1919  0438 2002  0420 2029  0440 2019  0520 1933  0604 1830  0648 1728  0737 1640  0812 1628
19  0808 1701  0724 1751  0628 1835  0525 1921  0437 2003  0420 2030  0441 2018  0522 1931  0606 1827  0650 1726  0738 1639  0813 1628
20  0807 1702  0722 1753  0626 1836  0523 1922  0436 2005  0420 2030  0442 2017  0523 1929  0607 1825  0651 1724  0740 1638  0813 1629
21  0806 1704  0720 1754  0624 1838  0521 1924  0435 2006  0420 2030  0443 2016  0525 1927  0608 1823  0653 1722  0741 1637  0814 1629
22  0805 1705  0718 1756  0622 1839  0519 1925  0433 2007  0420 2030  0444 2014  0526 1925  0610 1821  0654 1720  0743 1636  0814 1630
23  0804 1707  0717 1757  0620 1841  0517 1927  0432 2008  0421 2030  0445 2013  0528 1923  0611 1819  0656 1719  0744 1635  0815 1630
24  0803 1708  0715 1759  0618 1842  0515 1928  0431 2010  0421 2031  0447 2012  0529 1921  0613 1817  0658 1717  0746 1634  0815 1631
25  0802 1710  0713 1801  0616 1844  0514 1930  0430 2011  0421 2031  0448 2011  0530 1919  0614 1815  0659 1715  0747 1633  0815 1632
26  0801 1712  0711 1802  0613 1845  0512 1931  0429 2012  0422 2031  0449 2010  0532 1917  0616 1813  0701 1713  0748 1632  0816 1632
27  0759 1713  0709 1804  0611 1847  0510 1933  0429 2013  0422 2030  0450 2008  0533 1915  0617 1810  0702 1711  0750 1632  0816 1633
28  0758 1715  0707 1805  0609 1848  0508 1934  0428 2014  0423 2030  0452 2007  0535 1913  0618 1808  0704 1710  0751 1631  0816 1634
29  0757 1716             0607 1850  0506 1936  0427 2015  0423 2030  0453 2006  0536 1911  0620 1806  0705 1708  0753 1630  0816 1635
30  0756 1718             0605 1851  0505 1937  0426 2016  0424 2030  0454 2004  0537 1909  0621 1804  0707 1706  0754 1630  0816 1636
31  0754 1720             0603 1853             0425 2017             0456 2003  0539 1907             0709 1705             0816 1637