             o  ,    o  ,                                       BERLIN                                 Astronomical Applications Dept.
Location: E013 09, N52 30                          Rise and Set for the Sun for 2017                   U. S. Naval Observatory        
                                                                                                       Washington, DC  20392-5420     
                                                      Zone:  1h East of Greenwich                                                     
                                                                                                                                      
                                                                                                                                      
       Jan.       Feb.       Mar.       Apr.       May        June       July       Aug.       Sept.      Oct.       Nov.       Dec.  
Day Rise  Set  Rise  Set  Rise  Set  Rise  Set  Rise  Set  Rise  Set  Rise  Set  Rise  Set  Rise  Set  Rise  Set  Rise  Set  Rise  Set
     h m  h m   h m  h m   h m  h m   h m  h m   h m  h m   h m  h m   h m  h m   h m  h m   h m  h m   h m  h m   h m  h m   h m  h m
01  0818 1604  0749 1654  0654 1747  0542 1842  0436 1934  0351 2020  0349 2033  0427 1959  0518 1855  0609 1744  0704 1637  0756 1557
02  0818 1605  0747 1656  0651 1749  0539 1844  0434 1936  0350 2022  0350 2033  0429 1957  0520 1853  0610 1742  0706 1636  0757 1557
03  0818 1607  0746 1658  0649 1750  0537 1845  0432 1937  0349 2023  0351 2032  0430 1956  0522 1851  0612 1740  0707 1634  0758 1556
04  0817 1608  0744 1700  0647 1752  0535 1847  0430 1939  0348 2024  0351 2032  0432 1954  0523 1848  0614 1737  0709 1632  0800 1555
05  0817 1609  0742 1701  0645 1754  0532 1849  0428 1941  0348 2025  0352 2031  0434 1952  0525 1846  0615 1735  0711 1630  0801 1555
06  0817 1610  0740 1703  0642 1756  0530 1851  0427 1943  0347 2026  0353 2031  0435 1950  0527 1844  0617 1733  0713 1628  0802 1555
07  0816 1612  0739 1705  0640 1758  0528 1852  0425 1944  0347 2027  0354 2030  0437 1948  0528 1841  0619 1730  0715 1627  0803 1554
08  0816 1613  0737 1707  0638 1759  0525 1854  0423 1946  0346 2027  0355 2029  0439 1946  0530 1839  0621 1728  0717 1625  0805 1554
09  0815 1614  0735 1709  0636 1801  0523 1856  0421 1948  0346 2028  0356 2029  0440 1944  0532 1837  0622 1726  0718 1623  0806 1554
10  0814 1616  0733 1711  0633 1803  0521 1858  0419 1949  0345 2029  0357 2028  0442 1943  0533 1834  0624 1724  0720 1622  0807 1553
11  0814 1617  0731 1713  0631 1805  0519 1859  0418 1951  0345 2030  0358 2027  0443 1941  0535 1832  0626 1721  0722 1620  0808 1553
12  0813 1619  0729 1715  0629 1807  0516 1901  0416 1952  0345 2030  0359 2026  0445 1939  0537 1829  0628 1719  0724 1619  0809 1553
13  0812 1620  0727 1717  0626 1808  0514 1903  0414 1954  0344 2031  0401 2025  0447 1937  0538 1827  0629 1717  0726 1617  0810 1553
14  0811 1622  0725 1719  0624 1810  0512 1905  0413 1956  0344 2032  0402 2024  0448 1935  0540 1825  0631 1715  0727 1616  0811 1553
15  0811 1624  0723 1720  0622 1812  0510 1906  0411 1957  0344 2032  0403 2023  0450 1932  0542 1822  0633 1712  0729 1614  0812 1553
16  0810 1625  0721 1722  0619 1814  0507 1908  0410 1959  0344 2033  0404 2022  0452 1930  0543 1820  0635 1710  0731 1613  0813 1554
17  0809 1627  0719 1724  0617 1815  0505 1910  0408 2000  0344 2033  0405 2021  0453 1928  0545 1818  0637 1708  0733 1611  0813 1554
18  0808 1629  0717 1726  0615 1817  0503 1912  0407 2002  0344 2033  0407 2020  0455 1926  0547 1815  0638 1706  0735 1610  0814 1554
19  0807 1630  0715 1728  0612 1819  0501 1913  0405 2003  0344 2034  0408 2018  0457 1924  0548 1813  0640 1704  0736 1609  0815 1554
20  0805 1632  0713 1730  0610 1821  0459 1915  0404 2005  0344 2034  0409 2017  0458 1922  0550 1810  0642 1702  0738 1608  0815 1555
21  0804 1634  0711 1732  0608 1823  0457 1917  0403 2006  0344 2034  0411 2016  0500 1920  0552 1808  0644 1659  0740 1606  0816 1555
22  0803 1635  0709 1734  0605 1824  0454 1918  0401 2008  0345 2034  0412 2015  0502 1918  0553 1806  0646 1657  0741 1605  0816 1556
23  0802 1637  0707 1736  0603 1826  0452 1920  0400 2009  0345 2034  0414 2013  0503 1915  0555 1803  0647 1655  0743 1604  0817 1556
24  0801 1639  0705 1737  0600 1828  0450 1922  0359 2010  0345 2034  0415 2012  0505 1913  0557 1801  0649 1653  0745 1603  0817 1557
25  0759 1641  0702 1739  0558 1830  0448 1924  0358 2012  0346 2034  0417 2010  0507 1911  0558 1759  0651 1651  0746 1602  0817 1558
26  0758 1643  0700 1741  0556 1831  0446 1925  0357 2013  0346 2034  0418 2009  0508 1909  0600 1756  0653 1649  0748 1601  0818 1558
27  0756 1645  0658 1743  0553 1833  0444 1927  0356 2014  0347 2034  0420 2007  0510 1907  0602 1754  0655 1647  0750 1600  0818 1559
28  0755 1646  0656 1745  0551 1835  0442 1929  0354 2016  0347 2034  0421 2006  0512 1904  0604 1751  0656 1645  0751 1559  0818 1600
29  0754 1648             0549 1837  0440 1931  0353 2017  0348 2034  0423 2004  0513 1902  0605 1749  0658 1643  0753 1559  0818 1601
30  0752 1650             0546 1838  0438 1932  0352 2018  0348 2034  0424 2002  0515 1900  0607 1747  0700 1641  0754 1558  0818 1602
31  0750 1652             0544 1840             0352 2019             0426 2001  0517 1857             0702 1639             0818 1603