             o  ,    o  ,                                      CAMBRIDGE                               Astronomical Applications Dept.
Location: E000 07, N52 12                          Rise and Set for the Sun for 2017                   U. S. Naval Observatory        
                                                                                                       Washington, DC  20392-5420     
                                                      Zone:  1h East of Greenwich                                                     
                                                                                                                                      
                                                                                                                                      
       Jan.       Feb.       Mar.       Apr.       May        June       July       Aug.       Sept.      Oct.       Nov.       Dec.  
Day Rise  Set  Rise  Set  Rise  Set  Rise  Set  Rise  Set  Rise  Set  Rise  Set  Rise  Set  Rise  Set  Rise  Set  Rise  Set  Rise  Set
     h m  h m   h m  h m   h m  h m   h m  h m   h m  h m   h m  h m   h m  h m   h m  h m   h m  h m   h m  h m   h m  h m   h m  h m
01  0909 1658  0840 1747  0745 1839  0634 1934  0529 2025  0444 2111  0443 2124  0521 2050  0611 1947  0701 1837  0755 1730  0846 1651
02  0908 1659  0838 1749  0743 1841  0632 1935  0527 2027  0444 2112  0444 2123  0522 2048  0613 1944  0702 1834  0757 1729  0848 1650
03  0908 1700  0837 1751  0741 1843  0629 1937  0525 2029  0443 2113  0444 2123  0524 2047  0614 1942  0704 1832  0759 1727  0849 1650
04  0908 1701  0835 1753  0739 1845  0627 1939  0523 2030  0442 2114  0445 2122  0525 2045  0616 1940  0706 1830  0801 1725  0850 1649
05  0908 1703  0833 1755  0736 1846  0625 1941  0522 2032  0442 2115  0446 2122  0527 2043  0618 1938  0707 1827  0802 1723  0852 1649
06  0907 1704  0832 1756  0734 1848  0622 1942  0520 2034  0441 2116  0447 2121  0529 2041  0619 1935  0709 1825  0804 1721  0853 1648
07  0907 1705  0830 1758  0732 1850  0620 1944  0518 2035  0440 2117  0448 2121  0530 2039  0621 1933  0711 1823  0806 1720  0854 1648
08  0906 1707  0828 1800  0730 1852  0618 1946  0516 2037  0440 2118  0449 2120  0532 2037  0623 1931  0713 1821  0808 1718  0855 1647
09  0906 1708  0826 1802  0727 1854  0616 1948  0514 2039  0439 2119  0450 2119  0533 2036  0624 1928  0714 1818  0810 1716  0856 1647
10  0905 1709  0824 1804  0725 1855  0613 1949  0513 2040  0439 2119  0451 2118  0535 2034  0626 1926  0716 1816  0811 1715  0858 1647
11  0904 1711  0822 1806  0723 1857  0611 1951  0511 2042  0439 2120  0452 2117  0537 2032  0628 1924  0718 1814  0813 1713  0859 1647
12  0904 1712  0821 1808  0720 1859  0609 1953  0509 2043  0438 2121  0453 2117  0538 2030  0629 1921  0719 1812  0815 1712  0900 1647
13  0903 1714  0819 1810  0718 1901  0607 1954  0508 2045  0438 2121  0454 2116  0540 2028  0631 1919  0721 1809  0817 1710  0901 1647
14  0902 1716  0817 1811  0716 1902  0604 1956  0506 2047  0438 2122  0455 2115  0542 2026  0632 1916  0723 1807  0819 1709  0901 1647
15  0901 1717  0815 1813  0714 1904  0602 1958  0505 2048  0438 2122  0457 2114  0543 2024  0634 1914  0725 1805  0820 1707  0902 1647
16  0900 1719  0813 1815  0711 1906  0600 2000  0503 2050  0438 2123  0458 2113  0545 2022  0636 1912  0726 1803  0822 1706  0903 1647
17  0859 1720  0811 1817  0709 1908  0558 2001  0502 2051  0438 2123  0459 2111  0546 2019  0637 1909  0728 1801  0824 1705  0904 1647
18  0858 1722  0809 1819  0707 1909  0556 2003  0500 2053  0438 2124  0500 2110  0548 2017  0639 1907  0730 1758  0826 1703  0905 1648
19  0857 1724  0807 1821  0704 1911  0554 2005  0459 2054  0438 2124  0502 2109  0550 2015  0641 1905  0732 1756  0827 1702  0905 1648
20  0856 1725  0805 1823  0702 1913  0551 2006  0458 2056  0438 2124  0503 2108  0551 2013  0642 1902  0734 1754  0829 1701  0906 1649
21  0855 1727  0803 1824  0700 1915  0549 2008  0456 2057  0438 2124  0504 2107  0553 2011  0644 1900  0735 1752  0831 1700  0906 1649
22  0854 1729  0800 1826  0657 1916  0547 2010  0455 2058  0438 2125  0506 2105  0555 2009  0646 1858  0737 1750  0832 1659  0907 1650
23  0853 1731  0758 1828  0655 1918  0545 2012  0454 2100  0439 2125  0507 2104  0556 2007  0647 1855  0739 1748  0834 1658  0907 1650
24  0851 1732  0756 1830  0653 1920  0543 2013  0452 2101  0439 2125  0509 2102  0558 2005  0649 1853  0741 1746  0836 1657  0908 1651
25  0850 1734  0754 1832  0650 1922  0541 2015  0451 2102  0440 2125  0510 2101  0600 2002  0651 1851  0743 1744  0837 1656  0908 1651
26  0849 1736  0752 1834  0648 1923  0539 2017  0450 2104  0440 2125  0512 2100  0601 2000  0652 1848  0744 1742  0839 1655  0908 1652
27  0847 1738  0750 1836  0646 1925  0537 2018  0449 2105  0440 2125  0513 2058  0603 1958  0654 1846  0746 1740  0840 1654  0908 1653
28  0846 1740  0748 1837  0643 1927  0535 2020  0448 2106  0441 2124  0515 2056  0605 1956  0656 1844  0748 1738  0842 1653  0909 1654
29  0845 1742             0641 1929  0533 2022  0447 2108  0442 2124  0516 2055  0606 1954  0657 1841  0750 1736  0843 1652  0909 1655
30  0843 1743             0639 1930  0531 2024  0446 2109  0442 2124  0518 2053  0608 1951  0659 1839  0752 1734  0845 1651  0909 1656
31  0841 1745             0636 1932             0445 2110             0519 2052  0609 1949             0753 1732             0909 1657
