             o  ,    o  ,                                       COLOGNE                                Astronomical Applications Dept.
Location: E006 57, N50 56                          Rise and Set for the Sun for 2017                   U. S. Naval Observatory        
                                                                                                       Washington, DC  20392-5420     
                                                      Zone:  1h East of Greenwich                                                     
                                                                                                                                      
                                                                                                                                      
       Jan.       Feb.       Mar.       Apr.       May        June       July       Aug.       Sept.      Oct.       Nov.       Dec.  
Day Rise  Set  Rise  Set  Rise  Set  Rise  Set  Rise  Set  Rise  Set  Rise  Set  Rise  Set  Rise  Set  Rise  Set  Rise  Set  Rise  Set
     h m  h m   h m  h m   h m  h m   h m  h m   h m  h m   h m  h m   h m  h m   h m  h m   h m  h m   h m  h m   h m  h m   h m  h m
01  0835 1637  0808 1724  0716 1813  0608 1905  0506 1954  0424 2037  0423 2049  0458 2018  0546 1917  0633 1810  0724 1706  0813 1629
02  0835 1638  0807 1726  0714 1815  0606 1907  0504 1955  0423 2038  0423 2049  0500 2016  0547 1915  0634 1808  0726 1705  0814 1629
03  0835 1639  0805 1727  0712 1817  0604 1908  0502 1957  0422 2039  0424 2049  0501 2015  0549 1913  0636 1806  0728 1703  0816 1628
04  0835 1640  0804 1729  0710 1819  0601 1910  0500 1959  0422 2040  0425 2048  0503 2013  0551 1911  0638 1803  0730 1701  0817 1628
05  0834 1641  0802 1731  0708 1820  0559 1912  0459 2000  0421 2041  0426 2048  0504 2011  0552 1909  0639 1801  0731 1700  0818 1627
06  0834 1643  0801 1733  0706 1822  0557 1913  0457 2002  0420 2042  0426 2047  0506 2009  0554 1906  0641 1759  0733 1658  0819 1627
07  0834 1644  0759 1735  0704 1824  0555 1915  0455 2003  0420 2043  0427 2047  0507 2008  0555 1904  0642 1757  0735 1656  0821 1627
08  0833 1645  0757 1736  0701 1825  0553 1917  0454 2005  0419 2044  0428 2046  0509 2006  0557 1902  0644 1755  0736 1655  0822 1626
09  0833 1647  0755 1738  0659 1827  0550 1918  0452 2006  0419 2044  0429 2045  0510 2004  0558 1900  0646 1752  0738 1653  0823 1626
10  0832 1648  0754 1740  0657 1829  0548 1920  0450 2008  0419 2045  0430 2044  0512 2002  0600 1857  0647 1750  0740 1652  0824 1626
11  0831 1649  0752 1742  0655 1830  0546 1921  0449 2009  0418 2046  0431 2044  0513 2000  0601 1855  0649 1748  0742 1650  0825 1626
12  0831 1651  0750 1743  0653 1832  0544 1923  0447 2011  0418 2046  0432 2043  0515 1959  0603 1853  0651 1746  0743 1649  0826 1626
13  0830 1652  0748 1745  0650 1834  0542 1925  0446 2012  0418 2047  0433 2042  0516 1957  0604 1851  0652 1744  0745 1648  0827 1626
14  0829 1654  0746 1747  0648 1835  0540 1926  0444 2014  0418 2048  0434 2041  0518 1955  0606 1848  0654 1742  0747 1646  0828 1626
15  0829 1655  0745 1749  0646 1837  0538 1928  0443 2015  0418 2048  0436 2040  0519 1953  0608 1846  0656 1740  0748 1645  0829 1626
16  0828 1657  0743 1751  0644 1839  0535 1930  0441 2017  0418 2048  0437 2039  0521 1951  0609 1844  0657 1737  0750 1644  0829 1626
17  0827 1658  0741 1752  0642 1840  0533 1931  0440 2018  0418 2049  0438 2038  0523 1949  0611 1842  0659 1735  0752 1642  0830 1627
18  0826 1700  0739 1754  0639 1842  0531 1933  0438 2020  0418 2049  0439 2037  0524 1947  0612 1839  0701 1733  0753 1641  0831 1627
19  0825 1702  0737 1756  0637 1844  0529 1934  0437 2021  0418 2050  0440 2036  0526 1945  0614 1837  0702 1731  0755 1640  0831 1627
20  0824 1703  0735 1758  0635 1845  0527 1936  0436 2022  0418 2050  0442 2035  0527 1943  0615 1835  0704 1729  0757 1639  0832 1628
21  0823 1705  0733 1759  0633 1847  0525 1938  0435 2024  0418 2050  0443 2033  0529 1941  0617 1833  0706 1727  0758 1638  0833 1628
22  0822 1706  0731 1801  0630 1849  0523 1939  0433 2025  0418 2050  0444 2032  0530 1939  0618 1830  0707 1725  0800 1637  0833 1629
23  0821 1708  0729 1803  0628 1850  0521 1941  0432 2026  0419 2050  0446 2031  0532 1937  0620 1828  0709 1723  0801 1636  0834 1629
24  0819 1710  0727 1805  0626 1852  0519 1943  0431 2028  0419 2050  0447 2030  0533 1935  0622 1826  0711 1721  0803 1635  0834 1630
25  0818 1712  0725 1806  0624 1854  0517 1944  0430 2029  0419 2050  0448 2028  0535 1932  0623 1823  0712 1719  0804 1634  0834 1631
26  0817 1713  0723 1808  0621 1855  0515 1946  0429 2030  0420 2050  0450 2027  0537 1930  0625 1821  0714 1717  0806 1633  0835 1631
27  0815 1715  0721 1810  0619 1857  0513 1947  0428 2032  0420 2050  0451 2025  0538 1928  0626 1819  0716 1716  0807 1632  0835 1632
28  0814 1717  0719 1812  0617 1859  0511 1949  0427 2033  0421 2050  0453 2024  0540 1926  0628 1817  0717 1714  0809 1631  0835 1633
29  0813 1718             0615 1900  0509 1951  0426 2034  0421 2050  0454 2022  0541 1924  0630 1814  0719 1712  0810 1631  0835 1634
30  0811 1720             0612 1902  0508 1952  0425 2035  0422 2050  0455 2021  0543 1922  0631 1812  0721 1710  0812 1630  0835 1635
31  0810 1722             0610 1903             0424 2036             0457 2019  0544 1920             0723 1708             0835 1636