             o  ,    o  ,                                       DRESDEN                                Astronomical Applications Dept.
Location: E013 44, N51 02                          Rise and Set for the Sun for 2017                   U. S. Naval Observatory        
                                                                                                       Washington, DC  20392-5420     
                                                      Zone:  1h East of Greenwich                                                     
                                                                                                                                      
                                                                                                                                      
       Jan.       Feb.       Mar.       Apr.       May        June       July       Aug.       Sept.      Oct.       Nov.       Dec.  
Day Rise  Set  Rise  Set  Rise  Set  Rise  Set  Rise  Set  Rise  Set  Rise  Set  Rise  Set  Rise  Set  Rise  Set  Rise  Set  Rise  Set
     h m  h m   h m  h m   h m  h m   h m  h m   h m  h m   h m  h m   h m  h m   h m  h m   h m  h m   h m  h m   h m  h m   h m  h m
01  0808 1609  0742 1656  0650 1746  0541 1838  0438 1927  0356 2010  0355 2023  0431 1951  0519 1850  0606 1743  0658 1639  0746 1602
02  0808 1610  0740 1658  0647 1748  0539 1840  0437 1929  0355 2012  0356 2022  0432 1949  0520 1848  0607 1741  0659 1637  0748 1601
03  0808 1611  0739 1700  0645 1750  0536 1841  0435 1930  0355 2013  0356 2022  0434 1948  0522 1846  0609 1738  0701 1636  0749 1601
04  0808 1613  0737 1702  0643 1751  0534 1843  0433 1932  0354 2013  0357 2022  0435 1946  0523 1844  0610 1736  0703 1634  0750 1600
05  0808 1614  0735 1703  0641 1753  0532 1845  0431 1933  0353 2014  0358 2021  0437 1944  0525 1842  0612 1734  0704 1632  0752 1600
06  0807 1615  0734 1705  0639 1755  0530 1846  0429 1935  0353 2015  0359 2021  0438 1943  0526 1839  0614 1732  0706 1631  0753 1559
07  0807 1616  0732 1707  0637 1756  0528 1848  0428 1937  0352 2016  0400 2020  0440 1941  0528 1837  0615 1730  0708 1629  0754 1559
08  0806 1618  0730 1709  0634 1758  0525 1850  0426 1938  0352 2017  0401 2019  0441 1939  0529 1835  0617 1727  0710 1627  0755 1559
09  0806 1619  0729 1711  0632 1800  0523 1851  0424 1940  0351 2018  0402 2019  0443 1937  0531 1833  0619 1725  0711 1626  0756 1559
10  0805 1620  0727 1712  0630 1802  0521 1853  0423 1941  0351 2018  0402 2018  0444 1935  0533 1830  0620 1723  0713 1624  0757 1558
11  0805 1622  0725 1714  0628 1803  0519 1854  0421 1943  0351 2019  0404 2017  0446 1934  0534 1828  0622 1721  0715 1623  0758 1558
12  0804 1623  0723 1716  0626 1805  0517 1856  0420 1944  0350 2020  0405 2016  0447 1932  0536 1826  0623 1719  0716 1621  0759 1558
13  0803 1625  0721 1718  0623 1807  0514 1858  0418 1946  0350 2020  0406 2015  0449 1930  0537 1824  0625 1717  0718 1620  0800 1558
14  0803 1626  0720 1720  0621 1808  0512 1859  0417 1947  0350 2021  0407 2014  0451 1928  0539 1821  0627 1714  0720 1619  0801 1558
15  0802 1628  0718 1721  0619 1810  0510 1901  0415 1949  0350 2021  0408 2013  0452 1926  0540 1819  0628 1712  0722 1617  0802 1559
16  0801 1629  0716 1723  0617 1812  0508 1903  0414 1950  0350 2022  0409 2012  0454 1924  0542 1817  0630 1710  0723 1616  0803 1559
17  0800 1631  0714 1725  0614 1813  0506 1904  0412 1952  0350 2022  0410 2011  0455 1922  0544 1815  0632 1708  0725 1615  0803 1559
18  0759 1632  0712 1727  0612 1815  0504 1906  0411 1953  0350 2023  0412 2010  0457 1920  0545 1812  0634 1706  0727 1614  0804 1559
19  0758 1634  0710 1729  0610 1817  0502 1908  0410 1954  0350 2023  0413 2009  0458 1918  0547 1810  0635 1704  0728 1612  0805 1600
20  0757 1636  0708 1730  0608 1818  0500 1909  0408 1956  0350 2023  0414 2008  0500 1916  0548 1808  0637 1702  0730 1611  0805 1600
21  0756 1637  0706 1732  0605 1820  0458 1911  0407 1957  0350 2023  0415 2007  0501 1914  0550 1805  0639 1700  0731 1610  0806 1601
22  0755 1639  0704 1734  0603 1822  0456 1912  0406 1958  0351 2024  0417 2006  0503 1912  0551 1803  0640 1658  0733 1609  0806 1601
23  0754 1641  0702 1736  0601 1823  0454 1914  0405 2000  0351 2024  0418 2004  0504 1910  0553 1801  0642 1656  0735 1608  0807 1602
24  0753 1642  0700 1737  0559 1825  0452 1916  0404 2001  0351 2024  0419 2003  0506 1908  0555 1759  0644 1654  0736 1607  0807 1602
25  0751 1644  0658 1739  0556 1827  0450 1917  0402 2002  0352 2024  0421 2002  0508 1906  0556 1756  0645 1652  0738 1606  0808 1603
26  0750 1646  0656 1741  0554 1828  0448 1919  0401 2004  0352 2024  0422 2000  0509 1903  0558 1754  0647 1650  0739 1605  0808 1604
27  0749 1648  0654 1743  0552 1830  0446 1921  0400 2005  0353 2024  0424 1959  0511 1901  0559 1752  0649 1648  0741 1604  0808 1604
28  0747 1649  0652 1744  0550 1831  0444 1922  0359 2006  0353 2023  0425 1957  0512 1859  0601 1750  0651 1646  0742 1604  0808 1605
29  0746 1651             0548 1833  0442 1924  0359 2007  0354 2023  0426 1956  0514 1857  0602 1747  0652 1645  0744 1603  0808 1606
30  0745 1653             0545 1835  0440 1925  0358 2008  0354 2023  0428 1954  0515 1855  0604 1745  0654 1643  0745 1602  0808 1607
31  0743 1655             0543 1836             0357 2009             0429 1953  0517 1853             0656 1641             0808 1608