             o  ,    o  ,                                      FRANKFURT                               Astronomical Applications Dept.
Location: E008 41, N50 07                          Rise and Set for the Sun for 2017                   U. S. Naval Observatory        
                                                                                                       Washington, DC  20392-5420     
                                                      Zone:  1h East of Greenwich                                                     
                                                                                                                                      
                                                                                                                                      
       Jan.       Feb.       Mar.       Apr.       May        June       July       Aug.       Sept.      Oct.       Nov.       Dec.  
Day Rise  Set  Rise  Set  Rise  Set  Rise  Set  Rise  Set  Rise  Set  Rise  Set  Rise  Set  Rise  Set  Rise  Set  Rise  Set  Rise  Set
     h m  h m   h m  h m   h m  h m   h m  h m   h m  h m   h m  h m   h m  h m   h m  h m   h m  h m   h m  h m   h m  h m   h m  h m
01  0824 1634  0759 1719  0709 1807  0602 1857  0501 1945  0421 2026  0420 2038  0454 2008  0540 1909  0625 1803  0715 1702  0803 1626
02  0824 1635  0758 1721  0706 1809  0600 1859  0459 1946  0420 2027  0420 2038  0456 2006  0542 1907  0627 1801  0717 1700  0804 1625
03  0824 1636  0756 1723  0704 1811  0557 1901  0458 1948  0419 2028  0421 2038  0457 2005  0543 1905  0629 1759  0719 1658  0805 1625
04  0824 1637  0755 1725  0702 1812  0555 1902  0456 1949  0419 2029  0422 2037  0459 2003  0545 1903  0630 1757  0720 1657  0806 1624
05  0824 1638  0753 1726  0700 1814  0553 1904  0454 1951  0418 2030  0423 2037  0500 2002  0546 1901  0632 1755  0722 1655  0808 1624
06  0823 1639  0751 1728  0658 1816  0551 1905  0453 1952  0417 2031  0424 2036  0501 2000  0548 1858  0633 1753  0724 1654  0809 1624
07  0823 1641  0750 1730  0656 1817  0549 1907  0451 1954  0417 2032  0424 2036  0503 1958  0549 1856  0635 1751  0725 1652  0810 1623
08  0823 1642  0748 1731  0654 1819  0547 1908  0449 1955  0417 2033  0425 2035  0504 1956  0551 1854  0636 1748  0727 1650  0811 1623
09  0822 1643  0746 1733  0652 1821  0545 1910  0448 1957  0416 2033  0426 2034  0506 1955  0552 1852  0638 1746  0729 1649  0812 1623
10  0822 1645  0745 1735  0650 1822  0543 1912  0446 1958  0416 2034  0427 2034  0507 1953  0554 1850  0639 1744  0730 1647  0813 1623
11  0821 1646  0743 1737  0648 1824  0540 1913  0445 2000  0416 2035  0428 2033  0509 1951  0555 1848  0641 1742  0732 1646  0814 1623
12  0820 1647  0741 1738  0645 1826  0538 1915  0443 2001  0415 2035  0429 2032  0510 1949  0557 1845  0643 1740  0734 1645  0815 1623
13  0820 1649  0740 1740  0643 1827  0536 1916  0442 2002  0415 2036  0430 2031  0512 1947  0558 1843  0644 1738  0735 1643  0816 1623
14  0819 1650  0738 1742  0641 1829  0534 1918  0440 2004  0415 2036  0431 2030  0513 1946  0600 1841  0646 1736  0737 1642  0817 1623
15  0818 1652  0736 1744  0639 1830  0532 1919  0439 2005  0415 2037  0432 2029  0515 1944  0601 1839  0647 1734  0739 1641  0818 1623
16  0817 1653  0734 1745  0637 1832  0530 1921  0438 2007  0415 2037  0434 2028  0516 1942  0603 1837  0649 1732  0740 1639  0819 1623
17  0817 1655  0732 1747  0635 1834  0528 1923  0436 2008  0415 2038  0435 2027  0518 1940  0604 1834  0651 1730  0742 1638  0819 1624
18  0816 1656  0730 1749  0632 1835  0526 1924  0435 2009  0415 2038  0436 2026  0519 1938  0606 1832  0652 1728  0743 1637  0820 1624
19  0815 1658  0728 1751  0630 1837  0524 1926  0434 2011  0415 2038  0437 2025  0521 1936  0607 1830  0654 1726  0745 1636  0821 1624
20  0814 1659  0727 1752  0628 1838  0522 1927  0432 2012  0415 2039  0438 2024  0522 1934  0609 1828  0656 1724  0747 1635  0821 1625
21  0813 1701  0725 1754  0626 1840  0520 1929  0431 2013  0415 2039  0440 2023  0524 1932  0610 1825  0657 1722  0748 1634  0822 1625
22  0812 1703  0723 1756  0624 1842  0518 1930  0430 2015  0416 2039  0441 2022  0525 1930  0612 1823  0659 1720  0750 1633  0822 1626
23  0811 1704  0721 1757  0621 1843  0516 1932  0429 2016  0416 2039  0442 2021  0527 1928  0613 1821  0700 1718  0751 1632  0823 1626
24  0809 1706  0719 1759  0619 1845  0514 1934  0428 2017  0416 2039  0443 2019  0528 1926  0615 1819  0702 1716  0753 1631  0823 1627
25  0808 1707  0717 1801  0617 1846  0512 1935  0427 2018  0417 2039  0445 2018  0530 1924  0616 1817  0704 1714  0754 1630  0823 1628
26  0807 1709  0715 1802  0615 1848  0510 1937  0426 2020  0417 2039  0446 2017  0531 1922  0618 1814  0705 1712  0756 1629  0824 1628
27  0806 1711  0713 1804  0613 1850  0509 1938  0425 2021  0417 2039  0447 2015  0533 1920  0619 1812  0707 1711  0757 1628  0824 1629
28  0805 1713  0711 1806  0610 1851  0507 1940  0424 2022  0418 2039  0449 2014  0534 1918  0621 1810  0709 1709  0759 1628  0824 1630
29  0803 1714             0608 1853  0505 1941  0423 2023  0419 2039  0450 2012  0536 1916  0622 1808  0710 1707  0800 1627  0824 1631
30  0802 1716             0606 1854  0503 1943  0422 2024  0419 2039  0452 2011  0537 1913  0624 1806  0712 1705  0801 1626  0824 1632
31  0800 1718             0604 1856             0421 2025             0453 2009  0539 1911             0714 1703             0824 1633