             o  ,    o  ,                                       HANOVER                                Astronomical Applications Dept.
Location: E009 43, N52 22                          Rise and Set for the Sun for 2017                   U. S. Naval Observatory        
                                                                                                       Washington, DC  20392-5420     
                                                      Zone:  1h East of Greenwich                                                     
                                                                                                                                      
                                                                                                                                      
       Jan.       Feb.       Mar.       Apr.       May        June       July       Aug.       Sept.      Oct.       Nov.       Dec.  
Day Rise  Set  Rise  Set  Rise  Set  Rise  Set  Rise  Set  Rise  Set  Rise  Set  Rise  Set  Rise  Set  Rise  Set  Rise  Set  Rise  Set
     h m  h m   h m  h m   h m  h m   h m  h m   h m  h m   h m  h m   h m  h m   h m  h m   h m  h m   h m  h m   h m  h m   h m  h m
01  0831 1619  0802 1708  0707 1801  0556 1855  0450 1947  0405 2034  0403 2046  0442 2012  0532 1909  0622 1758  0717 1652  0809 1611
02  0831 1620  0800 1710  0705 1802  0553 1857  0448 1949  0404 2035  0404 2046  0443 2011  0534 1906  0624 1756  0719 1650  0810 1611
03  0831 1621  0759 1712  0703 1804  0551 1859  0446 1951  0404 2036  0405 2045  0445 2009  0536 1904  0626 1754  0721 1648  0811 1610
04  0830 1622  0757 1714  0701 1806  0549 1901  0444 1952  0403 2037  0406 2045  0446 2007  0537 1902  0627 1751  0723 1646  0813 1610
05  0830 1623  0755 1716  0658 1808  0546 1902  0443 1954  0402 2038  0407 2044  0448 2005  0539 1859  0629 1749  0724 1644  0814 1609
06  0830 1625  0754 1717  0656 1810  0544 1904  0441 1956  0402 2039  0408 2044  0450 2003  0541 1857  0631 1747  0726 1643  0815 1609
07  0829 1626  0752 1719  0654 1811  0542 1906  0439 1957  0401 2040  0408 2043  0451 2002  0542 1855  0633 1744  0728 1641  0817 1608
08  0829 1627  0750 1721  0651 1813  0539 1908  0437 1959  0401 2040  0409 2042  0453 2000  0544 1852  0634 1742  0730 1639  0818 1608
09  0828 1629  0748 1723  0649 1815  0537 1909  0435 2001  0400 2041  0410 2042  0454 1958  0546 1850  0636 1740  0732 1638  0819 1608
10  0828 1630  0746 1725  0647 1817  0535 1911  0434 2002  0400 2042  0412 2041  0456 1956  0547 1848  0638 1737  0734 1636  0820 1608
11  0827 1632  0745 1727  0645 1819  0533 1913  0432 2004  0359 2043  0413 2040  0458 1954  0549 1845  0640 1735  0735 1634  0821 1608
12  0826 1633  0743 1729  0642 1820  0530 1915  0430 2006  0359 2043  0414 2039  0459 1952  0551 1843  0641 1733  0737 1633  0822 1608
13  0825 1635  0741 1731  0640 1822  0528 1916  0429 2007  0359 2044  0415 2038  0501 1950  0552 1841  0643 1731  0739 1631  0823 1608
14  0825 1636  0739 1733  0638 1824  0526 1918  0427 2009  0359 2045  0416 2037  0503 1948  0554 1838  0645 1729  0741 1630  0824 1608
15  0824 1638  0737 1734  0635 1826  0524 1920  0426 2010  0358 2045  0417 2036  0504 1946  0556 1836  0647 1726  0743 1628  0825 1608
16  0823 1640  0735 1736  0633 1827  0521 1921  0424 2012  0358 2046  0419 2035  0506 1944  0557 1834  0648 1724  0744 1627  0826 1608
17  0822 1641  0733 1738  0631 1829  0519 1923  0423 2013  0358 2046  0420 2034  0507 1942  0559 1831  0650 1722  0746 1626  0826 1608
18  0821 1643  0731 1740  0628 1831  0517 1925  0421 2015  0358 2046  0421 2033  0509 1940  0601 1829  0652 1720  0748 1624  0827 1608
19  0820 1645  0729 1742  0626 1833  0515 1927  0420 2016  0358 2047  0422 2032  0511 1937  0602 1826  0654 1718  0750 1623  0828 1609
20  0819 1646  0727 1744  0624 1835  0513 1928  0418 2018  0359 2047  0424 2030  0512 1935  0604 1824  0655 1716  0751 1622  0828 1609
21  0817 1648  0724 1746  0621 1836  0511 1930  0417 2019  0359 2047  0425 2029  0514 1933  0605 1822  0657 1713  0753 1621  0829 1610
22  0816 1650  0722 1748  0619 1838  0508 1932  0416 2021  0359 2047  0427 2028  0516 1931  0607 1819  0659 1711  0755 1620  0829 1610
23  0815 1652  0720 1749  0617 1840  0506 1934  0414 2022  0359 2047  0428 2026  0517 1929  0609 1817  0701 1709  0756 1618  0830 1611
24  0814 1653  0718 1751  0614 1842  0504 1935  0413 2024  0400 2047  0429 2025  0519 1927  0611 1815  0703 1707  0758 1617  0830 1611
25  0812 1655  0716 1753  0612 1843  0502 1937  0412 2025  0400 2047  0431 2023  0521 1924  0612 1812  0704 1705  0759 1616  0831 1612
26  0811 1657  0714 1755  0610 1845  0500 1939  0411 2026  0401 2047  0432 2022  0522 1922  0614 1810  0706 1703  0801 1615  0831 1613
27  0810 1659  0712 1757  0607 1847  0458 1941  0410 2028  0401 2047  0434 2020  0524 1920  0616 1808  0708 1701  0803 1615  0831 1614
28  0808 1701  0709 1759  0605 1849  0456 1942  0409 2029  0402 2047  0435 2019  0526 1918  0617 1805  0710 1659  0804 1614  0831 1614
29  0807 1702             0602 1850  0454 1944  0408 2030  0402 2047  0437 2017  0527 1915  0619 1803  0712 1657  0806 1613  0831 1615
30  0805 1704             0600 1852  0452 1946  0407 2031  0403 2047  0439 2016  0529 1913  0621 1801  0714 1655  0807 1612  0831 1616
31  0804 1706             0558 1854             0406 2032             0440 2014  0531 1911             0715 1653             0831 1617