             o  ,    o  ,                                       MUNICH                                 Astronomical Applications Dept.
Location: E011 34, N48 08                          Rise and Set for the Sun for 2017                   U. S. Naval Observatory        
                                                                                                       Washington, DC  20392-5420     
                                                      Zone:  1h East of Greenwich                                                     
                                                                                                                                      
                                                                                                                                      
       Jan.       Feb.       Mar.       Apr.       May        June       July       Aug.       Sept.      Oct.       Nov.       Dec.  
Day Rise  Set  Rise  Set  Rise  Set  Rise  Set  Rise  Set  Rise  Set  Rise  Set  Rise  Set  Rise  Set  Rise  Set  Rise  Set  Rise  Set
     h m  h m   h m  h m   h m  h m   h m  h m   h m  h m   h m  h m   h m  h m   h m  h m   h m  h m   h m  h m   h m  h m   h m  h m
01  0804 1631  0742 1714  0655 1758  0552 1844  0455 1927  0418 2006  0418 2017  0450 1950  0532 1855  0613 1753  0659 1655  0743 1622
02  0804 1632  0740 1715  0653 1800  0550 1846  0454 1929  0417 2007  0418 2017  0451 1948  0533 1853  0614 1751  0701 1653  0744 1622
03  0804 1633  0739 1717  0651 1801  0548 1847  0452 1930  0417 2008  0419 2017  0452 1947  0534 1851  0616 1749  0702 1652  0745 1621
04  0804 1634  0738 1718  0649 1803  0546 1848  0450 1931  0416 2008  0420 2016  0454 1945  0536 1849  0617 1747  0704 1650  0747 1621
05  0804 1635  0736 1720  0647 1804  0544 1850  0449 1933  0416 2009  0420 2016  0455 1944  0537 1847  0619 1745  0705 1649  0748 1621
06  0803 1636  0735 1722  0645 1806  0542 1851  0447 1934  0415 2010  0421 2015  0456 1942  0538 1845  0620 1743  0707 1647  0749 1621
07  0803 1637  0733 1723  0643 1807  0540 1853  0446 1936  0415 2011  0422 2015  0457 1941  0540 1843  0622 1741  0708 1646  0750 1620
08  0803 1639  0732 1725  0641 1809  0538 1854  0444 1937  0414 2012  0423 2014  0459 1939  0541 1841  0623 1739  0710 1645  0751 1620
09  0802 1640  0730 1726  0639 1810  0536 1856  0443 1938  0414 2012  0424 2014  0500 1937  0543 1839  0624 1737  0711 1643  0752 1620
10  0802 1641  0728 1728  0637 1812  0534 1857  0441 1940  0414 2013  0425 2013  0501 1936  0544 1836  0626 1735  0713 1642  0753 1620
11  0801 1642  0727 1730  0635 1813  0532 1859  0440 1941  0414 2013  0426 2012  0503 1934  0545 1834  0627 1733  0714 1641  0754 1620
12  0801 1644  0725 1731  0633 1815  0530 1900  0439 1942  0413 2014  0426 2012  0504 1932  0547 1832  0629 1731  0716 1639  0755 1620
13  0800 1645  0724 1733  0631 1816  0528 1901  0437 1944  0413 2015  0427 2011  0506 1931  0548 1830  0630 1729  0717 1638  0756 1620
14  0800 1646  0722 1734  0629 1818  0526 1903  0436 1945  0413 2015  0428 2010  0507 1929  0549 1828  0632 1727  0719 1637  0757 1620
15  0759 1648  0720 1736  0627 1819  0524 1904  0435 1946  0413 2016  0429 2009  0508 1927  0551 1826  0633 1725  0721 1636  0757 1620
16  0758 1649  0719 1738  0625 1821  0522 1906  0433 1948  0413 2016  0430 2008  0510 1925  0552 1824  0635 1723  0722 1635  0758 1621
17  0758 1651  0717 1739  0623 1822  0520 1907  0432 1949  0413 2016  0432 2008  0511 1924  0554 1822  0636 1721  0724 1633  0759 1621
18  0757 1652  0715 1741  0621 1824  0518 1909  0431 1950  0413 2017  0433 2007  0512 1922  0555 1820  0638 1719  0725 1632  0800 1621
19  0756 1653  0713 1742  0619 1825  0516 1910  0430 1951  0413 2017  0434 2006  0514 1920  0556 1818  0639 1717  0727 1631  0800 1622
20  0755 1655  0712 1744  0617 1827  0515 1911  0429 1953  0413 2017  0435 2005  0515 1918  0558 1816  0641 1716  0728 1630  0801 1622
21  0754 1656  0710 1746  0615 1828  0513 1913  0427 1954  0414 2017  0436 2004  0516 1916  0559 1814  0642 1714  0729 1629  0801 1622
22  0753 1658  0708 1747  0612 1829  0511 1914  0426 1955  0414 2018  0437 2002  0518 1914  0600 1811  0644 1712  0731 1629  0802 1623
23  0752 1659  0706 1749  0610 1831  0509 1916  0425 1956  0414 2018  0438 2001  0519 1912  0602 1809  0645 1710  0732 1628  0802 1624
24  0751 1701  0704 1750  0608 1832  0507 1917  0424 1957  0414 2018  0440 2000  0521 1910  0603 1807  0647 1708  0734 1627  0803 1624
25  0750 1703  0702 1752  0606 1834  0506 1919  0423 1959  0415 2018  0441 1959  0522 1909  0605 1805  0648 1707  0735 1626  0803 1625
26  0749 1704  0700 1753  0604 1835  0504 1920  0423 2000  0415 2018  0442 1958  0523 1907  0606 1803  0650 1705  0736 1625  0803 1626
27  0748 1706  0659 1755  0602 1837  0502 1922  0422 2001  0416 2018  0443 1957  0525 1905  0607 1801  0651 1703  0738 1625  0804 1626
28  0747 1707  0657 1757  0600 1838  0500 1923  0421 2002  0416 2018  0444 1955  0526 1903  0609 1759  0653 1701  0739 1624  0804 1627
29  0746 1709             0558 1840  0459 1924  0420 2003  0417 2018  0446 1954  0527 1901  0610 1757  0654 1700  0740 1623  0804 1628
30  0744 1710             0556 1841  0457 1926  0419 2004  0417 2017  0447 1953  0529 1859  0612 1755  0656 1658  0742 1623  0804 1629
31  0743 1712             0554 1843             0419 2005             0448 1951  0530 1857             0657 1657             0804 1630